933000, 642629, 903806, 242809, 257548, 876097, 162221, 896283, 328609, 275607, 456527, 437195, 596045, 693199, 920127, 605065, 236998, 345483, 838824, 695366, 115096, 927741, 345080, 251180, 811205, 218946, 518444, 396555, 455398, 977086, 444170, 909122, 293104, 563925, 112782, 159750, 457650, 200707, 529404, 787153, 989371, 948890, 669684, 808746, 932632, 532150, 362532, 748012, 901371, 363326, 547191, 509718, 478039, 988952, 882059, 971504, 582632, 519753, 463041, 388180, 616527, 529961, 602125, 858912
260219, 203711, 642029, 607991, 296227, 913406, 198422, 316590, 573008, 710843, 555145, 789530, 107256, 684426, 828773, 435091, 854885, 409972, 974134, 241605, 273972, 269879, 949612, 199060, 975928, 465722, 652454, 766313, 962111, 549292, 872493, 310941, 415021, 231320, 185405, 393184, 350980, 345062, 851230, 916839, 883141, 360241, 139953, 832304, 137808, 225760, 508454, 226963, 708264, 327172, 693610, 472455, 641522, 418893, 776477, 822349, 964795, 805001, 208033, 741853, 136473, 539930, 872719, 519404
245226, 665555, 322020, 659255, 795673, 592175, 971609, 284718, 607647, 143726, 400400, 519519, 947781, 650860, 536362, 129982, 649832, 751391, 722517, 960687, 536790, 410222, 493155, 602768, 383796, 618281, 769206, 164229, 316066, 745513, 656983, 840449, 283350, 743396, 499366, 989933, 992293, 212300, 773579, 536345, 877536, 480390, 531019, 302077, 783035, 372258, 656694, 585610, 417865, 813116, 393533, 756497, 816451, 325133, 102434, 483119, 336103, 691534, 390023, 316437, 178621, 489003, 623912, 254896
352885, 357984, 782245, 110297, 598668, 782739, 484087, 893883, 404302, 829133, 280228, 560635, 848661, 194294, 575118, 869129, 429007, 870668, 811813, 563651, 136158, 667296, 662525, 180832, 117912, 206221, 949370, 619904, 539407, 237269, 633992, 789421, 759691, 136634, 287303, 708109, 329587, 631606, 225571, 731687, 328747, 591576, 508929, 416848, 898328, 883932, 593334, 945169, 695134, 858757, 470098, 314007, 746314, 435897, 866137, 947958, 872427, 583129, 189618, 960187, 634779, 208252, 114969, 612621
424508, 117063, 261327, 333150, 151614, 899467, 516305, 925556, 699229, 543290, 193734, 397966, 696551, 267655, 102545, 732533, 478042, 489786, 645799, 454466, 954092, 883885, 399450, 303302, 380645, 509095, 658260, 571545, 960262, 232978, 224128, 415074, 891501, 118362, 750818, 836480, 333296, 804164, 268742, 910419, 675847, 880456, 422325, 120554, 951686, 425197, 572005, 356650, 901768, 951648, 989192, 246647, 329991, 435857, 433508, 609314, 945224, 901002, 223267, 993295, 503092, 974636, 718688, 511458
914400, 175591, 911554, 371334, 410830, 819862, 825766, 906553, 598636, 631317, 668052, 392983, 118074, 574753, 180116, 364162, 182602, 190986, 979129, 531819, 433472, 189175, 389851, 473951, 896697, 319958, 475075, 332209, 947528, 624510, 683071, 343008, 833146, 367235, 276725, 983013, 841819, 563061, 127636, 272475, 330770, 297526, 571110, 337035, 254439, 389622, 893443, 623250, 669573, 178477, 884319, 286546, 932187, 658388, 858690, 499186, 992764, 155456, 322424, 449523, 858278, 700252, 976863, 171216
562720, 559105, 650590, 309456, 941788, 721749, 514966, 608108, 951292, 460286, 549904, 979223, 735088, 789985, 302741, 420687, 151678, 224988, 994013, 698303, 407579, 186524, 174975, 416110, 321685, 343355, 505639, 388584, 751155, 539257, 910725, 420934, 988820, 839222, 673282, 272700, 743380, 591530, 529678, 651936, 253677, 852865, 300757, 910290, 850074, 347862, 239600, 593676, 459223, 145163, 836023, 729927, 152196, 632386, 245108, 686823, 149704, 604796, 985523, 405092, 611026, 978027, 892053, 661879
357499, 152789, 449508, 362781, 185480, 993256, 853889, 595723, 761227, 275892, 564281, 214414, 158152, 950858, 651990, 725725, 164629, 208367, 598737, 120382, 304315, 492028, 149797, 327505, 705274, 466102, 353472, 776349, 846057, 410277, 345747, 194261, 308122, 295443, 544616, 796167, 445147, 141026, 777586, 976865, 266521, 933738, 394560, 882944, 361407, 664623, 109484, 826358, 642749, 200571, 405872, 508951, 292516, 863517, 546616, 810848, 109197, 403389, 215314, 643909, 754649, 512794, 892162, 470934
182035, 572003, 160914, 919469, 130290, 730062, 222471, 419126, 769467, 595448, 562287, 783387, 767267, 668570, 718326, 460395, 185361, 108196, 162519, 161159, 282978, 394936, 432335, 726153, 306982, 848038, 210830, 153489, 930568, 351936, 530983, 270829, 221740, 115385, 668775, 582020, 731504, 305758, 478242, 236543, 588469, 458513, 409768, 460084, 588535, 939358, 913335, 708241, 136823, 163837, 539466, 401761, 302138, 857443, 288623, 767838, 161578, 369700, 161719, 660980, 480762, 890569, 114982, 829038
935079, 520073, 930570, 541151, 571130, 136264, 825864, 936654, 306666, 773673, 190834, 308383, 879871, 127761, 528852, 226682, 318481, 379354, 406798, 416763, 780303, 988976, 203868, 214325, 968443, 950988, 935121, 533827, 295826, 157418, 766179, 285485, 111562, 333865, 197631, 519987, 691348, 484478, 109757, 417721, 473056, 536085, 546254, 345903, 963232, 781414, 632050, 209884, 759781, 257200, 344134, 895207, 854277, 210196, 611066, 553569, 847359, 341585, 819233, 654994, 735061, 302391, 229057, 853758
738295, 684298, 983691, 128756, 390433, 863445, 978724, 348915, 769498, 655752, 913122, 110137, 706109, 991760, 378674, 563466, 148949, 207346, 214614, 539993, 540002, 825540, 220077, 997078, 971032, 420391, 681770, 436756, 131462, 814308, 866182, 724886, 869940, 461474, 276752, 807797, 783589, 545889, 908515, 995440, 936380, 477975, 971633, 233009, 156027, 825253, 936827, 980664, 841319, 275157, 282818, 769414, 580551, 336754, 564056, 742472, 837739, 586147, 558768, 355326, 625770, 339077, 160052, 280583
929091, 751908, 129332, 881259, 608165, 186070, 627708, 395813, 129578, 315765, 754751, 143658, 925950, 642263, 698576, 766170, 938174, 889324, 729135, 985826, 198747, 368595, 142144, 722636, 315357, 939736, 673399, 877060, 671396, 211214, 288176, 201191, 746218, 963365, 768891, 318026, 889925, 848616, 308884, 278404, 568776, 932279, 717296, 148185, 205129, 365660, 741364, 527461, 354045, 124523, 375360, 653281, 374176, 390650, 241737, 821652, 713073, 729563, 268772, 872793, 603001, 154995, 371677, 884969
760844, 998840, 653927, 486981, 870056, 215083, 961231, 799331, 700730, 935215, 782377, 935730, 418977, 724518, 195500, 479211, 840074, 749543, 106745, 942294, 692122, 306045, 357014, 826390, 171658, 121311, 807226, 774706, 757708, 995175, 848065, 898561, 747820, 939762, 650270, 601265, 973106, 764787, 306672, 323380, 837540, 204884, 561709, 365288, 148969, 278314, 794140, 468034, 363112, 353651, 503391, 499926, 649614, 981551, 954349, 444869, 450606, 727000, 412541, 135779, 876322, 855584, 899294, 485987
737552, 645638, 502084, 940514, 257673, 733364, 973788, 436973, 758923, 250583, 457057, 342384, 366981, 465308, 512999, 441117, 571706, 613156, 755509, 185108, 498783, 813764, 983024, 778517, 750175, 916923, 966066, 600959, 742719, 585520, 573177, 425156, 277659, 777384, 908603, 878443, 720590, 960065, 407959, 640641, 391377, 867950, 566375, 176478, 113307, 466000, 641619, 269776, 685126, 767021, 684255, 400358, 685714, 785743, 785668, 424730, 963011, 316027, 125627, 497275, 784998, 853901, 272661, 877494
788593, 388045, 993705, 108545, 118471, 916560, 633893, 973541, 949467, 590029, 889317, 530117, 874636, 258073, 562594, 100559, 471151, 898082, 697377, 734013, 220939, 892421, 215628, 253448, 960669, 736013, 100254, 299179, 963867, 307689, 709528, 734159, 860694, 939080, 481201, 536760, 893688, 306227, 299786, 366539, 153997, 890247, 635551, 714234, 385599, 686413, 960473, 626670, 112313, 494392, 685024, 968048, 929069, 974715, 457838, 428500, 226065, 593764, 782271, 549314, 941027, 447129, 624068, 973602
296141, 480269, 130263, 823203, 899461, 226719, 273865, 478281, 281483, 595472, 967031, 358833, 781205, 339071, 807803, 454242, 809960, 977794, 932127, 147345, 435740, 855107, 407564, 702960, 490018, 563605, 447776, 754517, 669378, 597969, 767294, 248419, 106812, 408017, 743872, 778295, 480336, 337608, 857159, 676177, 370394, 685565, 794035, 729821, 625685, 740194, 478958, 839869, 895008, 749109, 589186, 510773, 411677, 298290, 897931, 661170, 593590, 748595, 801927, 219000, 192155, 416837, 352906, 114374
309862, 754568, 353743, 271464, 519072, 342243, 765000, 698489, 944220, 517473, 652310, 270291, 539393, 981612, 922868, 721109, 441925, 249604, 190446, 754799, 770420, 889628, 972751, 932877, 738160, 252946, 190712, 354654, 195497, 818956, 792480, 377327, 751845, 925448, 459657, 869719, 656450, 806512, 865108, 991318, 186768, 386820, 357127, 467517, 273263, 401906, 352829, 174939, 188132, 683302, 606068, 310596, 873269, 124476, 837685, 948724, 642663, 157525, 892060, 821197, 347313, 342919, 504067, 183451
629980, 911087, 930319, 493593, 275097, 583779, 300246, 826989, 613727, 332962, 196524, 917934, 795808, 267660, 887465, 924646, 888327, 288750, 293816, 642674, 406193, 259221, 768926, 470214, 652581, 249892, 205093, 531309, 639760, 835649, 240805, 340622, 423169, 503913, 231470, 995915, 711038, 139940, 552884, 979619, 117794, 867891, 783895, 237079, 806676, 306630, 924653, 976842, 495812, 934698, 698543, 276609, 273796, 775967, 840541, 711626, 369056, 938280, 985295, 401816, 198460, 184956, 973113, 898444
408329, 338617, 248953, 499920, 560836, 194264, 216544, 910014, 416587, 246747, 806459, 773213, 166525, 653635, 557598, 542827, 374636, 358687, 933228, 261270, 221409, 676606, 924324, 792356, 657165, 750469, 795243, 682610, 586184, 996316, 558931, 331417, 518376, 879107, 952549, 654349, 663007, 671427, 724816, 369248, 993168, 123455, 606445, 277700, 682672, 726088, 672462, 899917, 467510, 334416, 117155, 884756, 878174, 320982, 215593, 132568, 845312, 701664, 508176, 556030, 402439, 501447, 860071, 591642
906545, 401004, 223846, 943814, 783042, 956136, 466327, 275247, 375269, 356417, 472513, 126383, 893056, 811513, 724371, 355316, 255955, 694721, 767818, 110144, 649677, 878186, 407455, 614954, 109067, 574748, 955536, 492225, 345454, 229407, 242569, 813649, 418040, 128919, 754863, 103614, 905410, 974669, 159113, 744237, 999133, 117032, 608139, 578978, 548931, 153914, 786560, 765732, 169785, 100374, 981651, 821181, 452004, 910272, 440666, 323230, 524996, 110749, 297248, 651807, 109202, 110985, 848142, 453443
378129, 433864, 324661, 348122, 121524, 716212, 207962, 106336, 265196, 464853, 242686, 509506, 836204, 831758, 108841, 960225, 998395, 521684, 518387, 254352, 463605, 113850, 198574, 352024, 491007, 818631, 383571, 192090, 175525, 331145, 600584, 246964, 971217, 187331, 615883, 807389, 271850, 832066, 592222, 159658, 665799, 541933, 574159, 458387, 815630, 767515, 514626, 320688, 549486, 696734, 592477, 757244, 553173, 381533, 194000, 326204, 134927, 493407, 235903, 386041, 924956, 780163, 170701, 631688
570956, 340909, 225638, 244619, 736825, 607355, 900106, 792209, 119201, 717461, 932625, 319096, 883423, 608675, 174559, 965555, 742309, 837016, 782598, 200582, 490744, 919372, 364722, 942542, 104072, 220872, 757525, 628446, 760875, 718235, 286864, 226020, 177685, 595273, 649018, 745386, 996373, 630722, 591568, 276888, 559279, 271697, 428153, 282966, 148817, 409515, 402357, 291151, 750229, 893351, 280930, 347378, 171282, 584141, 448330, 620818, 495871, 323367, 394124, 222093, 217766, 809844, 524229, 269930
572320, 629307, 307899, 322299, 323762, 765469, 264294, 799682, 331524, 357251, 354011, 102192, 119482, 786230, 776310, 598025, 326865, 169198, 195108, 128579, 250423, 911202, 429195, 559020, 432999, 126750, 706006, 251179, 164576, 600531, 139584, 688799, 579458, 802248, 150492, 744261, 413476, 285966, 826239, 259093, 261076, 954385, 354251, 125451, 400108, 152682, 668536, 660451, 797901, 394257, 624545, 659485, 343643, 393040, 199401, 967169, 332405, 335699, 775624, 832828, 528655, 247068, 782966, 904040
794094, 697715, 665362, 493737, 790591, 535642, 154927, 369812, 496244, 885406, 683036, 819018, 384380, 196809, 130702, 613634, 287422, 894517, 652941, 626181, 608658, 101211, 526392, 703347, 716956, 126441, 877749, 108675, 147494, 410162, 956793, 597735, 170392, 991712, 147952, 415918, 710775, 646468, 681546, 850211, 602039, 823086, 342819, 544146, 809182, 488600, 887500, 233131, 675319, 906236, 418939, 481919, 285583, 391654, 932684, 604711, 120976, 384293, 615762, 712676, 720920, 980443, 284479, 409602
690421, 546163, 581579, 983317, 436127, 781906, 145444, 599621, 118514, 525478, 665203, 170886, 418534, 930619, 490375, 715616, 123821, 704620, 682848, 278926, 456808, 100599, 515001, 989890, 840294, 109577, 104243, 962629, 462170, 750617, 926555, 787963, 793048, 259121, 705527, 846597, 503533, 241350, 306130, 259424, 548984, 446504, 437953, 380875, 275304, 185365, 373329, 102823, 516851, 374537, 222448, 595703, 813679, 343952, 844660, 387174, 590641, 831867, 619563, 978855, 514817, 441041, 304385, 271160
168342, 340509, 612072, 520960, 536147, 786149, 940135, 545687, 696701, 858491, 556449, 721029, 546168, 165324, 223712, 306818, 970397, 430517, 310398, 846909, 475610, 990934, 756432, 134104, 277862, 194495, 594895, 957424, 399391, 833094, 309765, 357563, 659298, 744539, 332497, 975114, 212806, 829011, 366454, 667502, 715062, 515872, 639526, 282679, 852585, 283490, 269542, 809271, 772064, 476918, 700607, 856036, 768827, 653772, 167713, 972029, 794712, 914679, 668755, 157956, 845993, 508798, 916443, 889674
465553, 762255, 784742, 804872, 115163, 663219, 136725, 114985, 657206, 679901, 586117, 947973, 462321, 530108, 514521, 298536, 573391, 386543, 999974, 312562, 253767, 988120, 369819, 426519, 127579, 877449, 290539, 709478, 471059, 816475, 146712, 959527, 487126, 452510, 760989, 909310, 714500, 984171, 137624, 302156, 288210, 186421, 794386, 708884, 812386, 546365, 458764, 113435, 495007, 901189, 645321, 173640, 314002, 193180, 916882, 999116, 922500, 676248, 950666, 179931, 174705, 187938, 458158, 877240
600965, 249419, 924040, 802511, 838166, 603549, 327185, 559355, 345725, 458284, 141792, 289960, 839826, 889707, 581684, 639315, 670083, 617946, 267577, 799341, 461104, 387965, 270522, 579518, 130278, 534505, 800420, 934790, 398583, 452791, 765363, 597343, 563059, 126491, 263772, 627871, 324741, 955822, 314165, 467962, 165099, 473415, 623876, 409092, 211219, 547048, 794243, 179987, 815087, 330132, 279405, 168899, 266453, 587263, 556584, 220051, 643606, 922942, 941679, 139212, 369721, 453310, 134586, 904482
994291, 537232, 860492, 522451, 275172, 713729, 171321, 291821, 269297, 566824, 523154, 474732, 509082, 303129, 904303, 931009, 689784, 237623, 578999, 761326, 992629, 937382, 630479, 494093, 827751, 845277, 446589, 882001, 439466, 819962, 927863, 909732, 139033, 526896, 524717, 471311, 376297, 712444, 409968, 216376, 988706, 584501, 787677, 123014, 482395, 744194, 667690, 161536, 233585, 179109, 615692, 798803, 519044, 735253, 203651, 585970, 245134, 532233, 892418, 195928, 275712, 985872, 240222, 588041
942074, 257182, 545747, 757174, 769383, 531777, 488462, 655583, 813043, 153010, 401338, 622131, 890506, 214918, 617770, 532115, 109391, 331876, 718912, 892789, 399861, 507313, 944056, 197509, 624413, 254887, 860948, 732581, 715629, 790852, 231588, 358996, 900169, 598303, 563825, 220205, 927537, 990837, 145479, 864646, 107735, 290274, 420445, 451225, 376571, 827019, 282626, 953760, 521893, 453623, 837990, 516441, 648862, 969854, 721410, 335113, 419691, 615514, 203973, 380733, 571687, 309914, 388283, 412491
562747, 854134, 387580, 345815, 358013, 562364, 438287, 316754, 125923, 142760, 330969, 164764, 265186, 104755, 446150, 282954, 945255, 388035, 565459, 294211, 942129, 752928, 795637, 633636, 436233, 988582, 720521, 159363, 781824, 273238, 830169, 322993, 856291, 587431, 949512, 277049, 897021, 985050, 636634, 707653, 288714, 316683, 455715, 678591, 660627, 749411, 180395, 290645, 490666, 346986, 234714, 856118, 745795, 152890, 897253, 438745, 807950, 904655, 754901, 519612, 163853, 921307, 609009, 626954
512598, 708950, 506760, 458774, 782278, 264722, 305277, 573284, 975520, 435596, 134991, 376071, 132801, 222431, 789123, 934469, 166913, 342034, 935760, 372726, 294313, 613906, 950951, 778923, 877867, 671866, 419037, 286796, 879426, 173518, 792727, 774362, 133287, 335816, 298161, 702675, 281581, 818793, 925771, 331475, 166298, 990129, 869776, 203192, 852866, 833066, 588036, 806846, 464481, 356062, 938025, 187496, 346613, 692810, 443950, 614208, 163062, 587466, 902933, 796886, 102227, 864659, 218879, 341541
874538, 113791, 862935, 353235, 500996, 613347, 505015, 856823, 993867, 250589, 758523, 132820, 822216, 377385, 530784, 331588, 414429, 898803, 533144, 799024, 156316, 898214, 650126, 505371, 904354, 370595, 344016, 638463, 563028, 592974, 701310, 699855, 871860, 890562, 762829, 807227, 898144, 825252, 677784, 779634, 631783, 286164, 845507, 268866, 678185, 394368, 420717, 507451, 258218, 869812, 815635, 122417, 289010, 365804, 186331, 894432, 502340, 868778, 151907, 172778, 182617, 787042, 677094, 714844
664952, 920210, 553320, 632303, 942389, 662319, 308575, 399817, 808643, 847003, 628222, 101348, 544055, 748211, 568414, 465607, 570299, 870725, 334475, 100560, 451691, 356926, 855305, 271027, 754543, 501985, 273826, 824700, 979701, 916948, 317357, 352208, 146251, 620597, 640027, 510161, 961878, 795914, 520161, 243073, 641586, 385589, 327262, 119614, 194151, 254758, 753192, 139468, 511780, 726858, 584471, 461808, 620218, 242434, 520781, 968344, 595256, 698670, 729888, 420952, 603166, 558856, 331206, 910447
762400, 190862, 198652, 591400, 857625, 713239, 741587, 979196, 128937, 344774, 415255, 425525, 441229, 483196, 444861, 366670, 218618, 972552, 264745, 576630, 778933, 811706, 287417, 110323, 801905, 983829, 145650, 797347, 586470, 836578, 302725, 978589, 286571, 636545, 800253, 391286, 684305, 934907, 197319, 786464, 529339, 930387, 875582, 155725, 973533, 174842, 180403, 736113, 290064, 513154, 846198, 411621, 441935, 715978, 994691, 306664, 156945, 359032, 765227, 736960, 826403, 949254, 999070, 657054
776417, 836595, 698162, 451935, 165393, 386777, 650451, 692591, 350973, 736030, 818247, 852937, 732395, 582468, 935484, 916217, 891514, 552636, 257041, 749762, 135579, 969560, 599262, 580859, 290730, 620029, 728960, 528244, 904103, 877911, 580805, 248886, 939349, 948806, 936592, 874345, 744207, 333303, 501514, 894479, 890786, 787054, 462022, 913645, 704907, 443070, 549006, 146474, 175853, 177723, 640815, 687920, 778990, 219942, 922238, 495088, 996272, 582664, 302725, 268546, 943015, 958010, 119823, 516009
281564, 244577, 906411, 151413, 981853, 534327, 459584, 407362, 936638, 716580, 586318, 850206, 989840, 740364, 491548, 544808, 670140, 111425, 485316, 155316, 211325, 608505, 801271, 979211, 226871, 158939, 417070, 724047, 811000, 367347, 697486, 440444, 348041, 445605, 386135, 687177, 811216, 247038, 819945, 439918, 286758, 929893, 434868, 131232, 947824, 482481, 957914, 772568, 246204, 153908, 573059, 840049, 447866, 800117, 972957, 818256, 681972, 447068, 108942, 782270, 659372, 830886, 663192, 465009
311696, 224504, 699271, 467977, 770556, 200432, 895802, 466070, 428333, 835478, 141963, 252758, 971933, 720338, 799805, 504636, 956576, 209112, 351713, 101996, 235706, 336030, 278309, 413187, 606715, 486126, 442426, 495604, 538808, 702582, 673152, 308173, 222694, 858301, 405936, 587128, 591253, 331280, 772901, 890045, 637192, 344283, 921192, 602149, 560781, 313907, 998935, 322585, 821629, 251535, 277010, 497545, 850833, 322967, 563938, 300168, 199838, 888213, 111941, 884693, 619471, 584264, 705946, 772852
637727, 660312, 408933, 701403, 216111, 208963, 320096, 208137, 467434, 470230, 796863, 321968, 544722, 588215, 400414, 776467, 949350, 342303, 959273, 319627, 814931, 563749, 457255, 475812, 649748, 240886, 977284, 730948, 738951, 890688, 191002, 129355, 427693, 899501, 516124, 544789, 757342, 641934, 920926, 563709, 214983, 668141, 216164, 815644, 714561, 522788, 282789, 489775, 253487, 903627, 998779, 753366, 986292, 454924, 704682, 948217, 778926, 983316, 530187, 530821, 617939, 445986, 181141, 310516
299942, 581857, 478886, 739467, 748630, 418322, 128435, 598908, 634612, 569123, 483882, 836748, 221614, 412572, 873888, 298447, 857165, 258904, 373788, 577839, 203143, 825936, 331038, 875756, 318402, 852723, 907182, 739197, 889254, 295474, 705341, 480981, 544190, 919255, 503226, 413120, 771467, 862774, 175603, 697740, 798180, 755260, 628805, 152773, 727437, 729604, 319683, 949401, 362163, 698505, 235647, 450746, 401090, 230837, 614776, 584481, 121380, 606423, 605056, 121712, 629206, 385331, 647336, 733136
264072, 942100, 375338, 664409, 675568, 963901, 723475, 945968, 710124, 815421, 361867, 208874, 310450, 372512, 898946, 449455, 916246, 843906, 889273, 641082, 148376, 679646, 868042, 353149, 508806, 746853, 922485, 116321, 684053, 851978, 255369, 691786, 648728, 517690, 405099, 418425, 673563, 381482, 483141, 913196, 307551, 856712, 545838, 535296, 587633, 665811, 989042, 859319, 833577, 619271, 429758, 308244, 459036, 956848, 128810, 296994, 970463, 771264, 671555, 952853, 213273, 699451, 945076, 898312
144483, 896015, 334960, 328421, 847998, 956994, 824479, 335428, 139601, 946116, 275011, 150987, 511358, 499875, 597637, 568787, 878592, 808796, 731649, 714667, 971043, 112239, 661611, 200885, 363392, 924396, 633692, 663567, 198996, 102826, 198941, 130604, 217500, 626679, 819598, 804001, 745198, 907657, 760628, 154396, 880471, 826002, 801021, 612782, 346701, 967858, 243665, 684297, 701072, 717734, 196247, 483012, 135042, 804319, 270336, 682043, 600447, 677710, 116309, 837235, 486715, 999643, 858872, 524508
483831, 870548, 883545, 132752, 834272, 669090, 115448, 439128, 252516, 741592, 815825, 413613, 989297, 661541, 385961, 748635, 954796, 570120, 215091, 123362, 419019, 252515, 548576, 973206, 936176, 842409, 155745, 278695, 673922, 172785, 800890, 447387, 830441, 515244, 335108, 646582, 222150, 708915, 386847, 715228, 335853, 993241, 882707, 320621, 716512, 129535, 521281, 954767, 947273, 544775, 609707, 635786, 109107, 905473, 214972, 484428, 975525, 461857, 788213, 246508, 284733, 588657, 582805, 302124
669029, 768994, 125572, 330552, 128117, 587070, 460381, 776396, 902501, 151609, 291734, 731474, 695500, 761702, 777165, 744647, 193178, 446118, 687537, 248319, 738894, 952763, 515049, 648831, 663541, 917658, 614213, 714345, 952192, 595999, 159551, 854325, 282720, 143866, 779149, 492762, 850849, 536136, 464007, 136364, 122560, 161181, 594063, 907071, 871754, 654172, 725121, 198377, 962387, 366089, 974137, 968678, 967696, 303605, 208060, 332533, 730577, 251609, 832836, 990336, 643166, 857982, 238795, 173593
352717, 613593, 337395, 613215, 245886, 373908, 911471, 663072, 843987, 394087, 513522, 751384, 616431, 264102, 939602, 277528, 582665, 977108, 745208, 149378, 520045, 390773, 924071, 946769, 620399, 666721, 204135, 945685, 754445, 216020, 218669, 659643, 981601, 979010, 672489, 715372, 410079, 434088, 150379, 338796, 342513, 204861, 551506, 951330, 805101, 314216, 459059, 291512, 371535, 985323, 400290, 384824, 390488, 625149, 935008, 687702, 871907, 593174, 844898, 217613, 584128, 370499, 284025, 804513
927407, 109977, 965923, 187748, 994714, 498406, 117134, 898740, 797999, 439267, 120100, 451201, 420697, 236134, 676440, 518124, 471866, 431251, 703595, 758283, 593255, 710066, 781466, 863978, 367392, 267933, 305320, 637899, 843402, 122160, 168452, 305006, 499755, 958435, 205111, 759019, 307362, 559443, 496556, 797468, 457280, 258524, 286748, 932408, 804231, 479843, 882709, 414426, 600285, 250703, 984742, 666112, 142636, 988056, 829833, 451951, 818074, 795640, 193550, 670356, 823488, 334175, 672928, 607462
437834, 482530, 679991, 606823, 644298, 588659, 686489, 839336, 437912, 683019, 659725, 129676, 997002, 212900, 323454, 579909, 597420, 232164, 821096, 877403, 898365, 714675, 136130, 185835, 632518, 125069, 515720, 253772, 206743, 422163, 384835, 508429, 579359, 560124, 613911, 154649, 293415, 649578, 819914, 349341, 569356, 373431, 105292, 503488, 165176, 602125, 322983, 162833, 527452, 601748, 512708, 489119, 686988, 748391, 238263, 212001, 856919, 801184, 349385, 875798, 247393, 877490, 804544, 751174
747871, 711477, 143565, 635144, 985934, 601723, 106513, 377149, 911536, 707425, 438349, 281689, 179364, 534082, 488804, 615074, 328544, 706501, 642639, 347472, 292014, 400247, 355006, 245493, 980033, 105715, 475846, 313942, 429139, 854974, 854123, 894455, 510876, 111311, 284139, 590549, 533073, 547819, 866340, 957901, 705174, 664847, 528419, 171802, 562113, 701702, 403722, 493916, 959757, 970555, 577053, 481139, 118167, 666888, 233514, 386922, 844569, 387820, 602482, 376689, 561569, 412124, 609976, 928067
527405, 477360, 759877, 439559, 597061, 453502, 464694, 822545, 403284, 443076, 726307, 562632, 957701, 715230, 192652, 128707, 786262, 504344, 299746, 420844, 824411, 807006, 516143, 527110, 837682, 130415, 909379, 479019, 467903, 723471, 319484, 560654, 946276, 331931, 636209, 334144, 128862, 781368, 575579, 897646, 485374, 993444, 426208, 729287, 951586, 959182, 548126, 579739, 808208, 184802, 306577, 627006, 265678, 631964, 123105, 830348, 757121, 328606, 698538, 597927, 527905, 635741, 374281, 637948
577429, 123605, 684576, 829956, 674832, 979292, 558951, 856614, 465383, 357012, 464848, 123705, 295821, 759162, 479572, 467656, 397070, 237660, 314206, 921998, 536068, 743624, 823604, 785280, 389177, 500031, 905758, 400714, 648602, 512584, 649301, 349617, 334100, 752769, 616137, 279416, 699151, 595664, 735726, 842175, 918819, 154103, 603236, 390629, 900474, 394694, 968450, 260494, 871876, 359914, 696031, 281407, 269809, 533508, 220924, 903590, 227695, 923637, 429553, 616791, 970048, 285557, 316691, 481009
626038, 942819, 162622, 207552, 875182, 738198, 743877, 572955, 136327, 856849, 798291, 699885, 732893, 720021, 318237, 978417, 503047, 875217, 136198, 328022, 978281, 763765, 925998, 286306, 974070, 579556, 404504, 247667, 349829, 147496, 458199, 924576, 343695, 949791, 760660, 943231, 527203, 123186, 739454, 690495, 180102, 999143, 822479, 418581, 932042, 351052, 224727, 874325, 956106, 296724, 972456, 619414, 361151, 476767, 212221, 919672, 374530, 815537, 762727, 540577, 684511, 915652, 287029, 783362
677106, 513881, 450559, 314905, 855520, 217386, 398831, 988496, 764853, 951355, 889677, 687042, 477845, 172847, 506598, 701342, 475585, 473815, 375320, 170948, 218985, 182725, 924157, 805932, 642184, 549055, 617745, 447462, 407936, 339119, 982625, 499580, 123859, 469526, 911250, 119987, 881147, 741409, 829387, 715185, 594439, 501652, 230945, 316408, 579378, 682434, 390877, 636048, 747169, 862623, 517963, 106979, 376441, 148909, 669378, 374626, 114459, 461394, 856619, 500421, 524573, 859659, 853167, 462672
799046, 962777, 509698, 191441, 488326, 792794, 450598, 843461, 253872, 165587, 758270, 239034, 134421, 352169, 660560, 388591, 814493, 296783, 396885, 994648, 719524, 844857, 380544, 177854, 560720, 861998, 905416, 936035, 341739, 298589, 810996, 805987, 617953, 941703, 302818, 154358, 204854, 668954, 398037, 712274, 291589, 571485, 327289, 480557, 405969, 161127, 887955, 155968, 823242, 398347, 845193, 342342, 879903, 874734, 307787, 249700, 879994, 842904, 131869, 303460, 316732, 715304, 757507, 215641
548021, 992450, 804808, 981639, 545664, 958852, 716010, 486714, 291673, 257751, 673509, 619348, 937404, 879745, 879226, 640165, 438139, 205271, 343836, 813458, 665980, 665679, 101464, 565976, 275917, 772627, 725150, 208810, 317317, 924562, 733808, 364471, 182616, 709968, 488741, 886823, 312438, 681726, 673115, 856643, 965280, 693125, 112919, 134932, 917320, 640731, 741146, 245955, 703589, 224600, 361922, 752000, 255504, 608706, 641561, 468127, 692862, 261892, 394591, 686716, 119129, 550813, 328015, 756287
682173, 250869, 855472, 350618, 254605, 814666, 331834, 684848, 721327, 227113, 916099, 340016, 886795, 395929, 575397, 678142, 158971, 800336, 909454, 110899, 255055, 141129, 455588, 338395, 561984, 117869, 547411, 262876, 696302, 926830, 566548, 744278, 242809, 586355, 469499, 835526, 620952, 149005, 442941, 579268, 301658, 348905, 881308, 172557, 374295, 890270, 324017, 280091, 550417, 823366, 553749, 790287, 851884, 679657, 999468, 188209, 722919, 857684, 832558, 709198, 716311, 178441, 211123, 645249
826655, 737296, 376603, 599564, 472621, 135563, 957463, 982053, 597364, 856328, 962839, 520494, 958561, 927343, 580753, 793724, 979004, 739707, 148267, 192953, 183581, 913254, 247045, 414181, 691880, 104764, 414502, 122648, 693447, 537202, 190689, 526114, 554243, 825711, 475875, 649043, 786719, 258696, 750876, 929846, 596881, 216938, 614696, 419096, 361021, 130032, 853561, 207975, 410831, 186357, 790531, 893525, 800085, 677475, 606116, 701916, 136215, 797290, 264077, 931259, 482996, 420940, 722705, 220830
727802, 810293, 220681, 172189, 719425, 766503, 528385, 183739, 529701, 975636, 691427, 502990, 296991, 794661, 971006, 828702, 909055, 888983, 343410, 841190, 692583, 390469, 726715, 930136, 595367, 865024, 730232, 489277, 415792, 876828, 751127, 452282, 714711, 120100, 174014, 813710, 212553, 178894, 160664, 712216, 578341, 701576, 113339, 696213, 374651, 174802, 378162, 506247, 976863, 754501, 385484, 388721, 200297, 405041, 254176, 704382, 644780, 981764, 108698, 115810, 671601, 726918, 957383, 768248
261871, 486754, 943737, 262923, 175945, 319103, 917047, 576464, 265797, 748909, 821572, 720464, 750916, 989402, 492779, 613380, 338755, 111044, 924772, 926105, 831309, 569545, 572549, 827507, 286074, 902522, 693448, 991789, 462057, 990670, 589941, 465982, 219285, 547762, 355852, 731863, 893207, 974015, 894577, 521513, 296792, 473156, 532148, 994212, 986032, 262466, 598107, 151963, 734656, 608215, 957903, 938595, 830472, 855793, 345632, 365145, 663814, 961860, 294262, 898563, 517837, 144535, 881333, 161678
563742, 975385, 273068, 781559, 157989, 341457, 513690, 584198, 658162, 512371, 728925, 217301, 140594, 887054, 248824, 540814, 781257, 295554, 543584, 769362, 410415, 730383, 193636, 462454, 345028, 989672, 615063, 629255, 487281, 856646, 651068, 235982, 997117, 978522, 202348, 887343, 497128, 342778, 289638, 156011, 838439, 607581, 571892, 860870, 418461, 453538, 760789, 215939, 700915, 365065, 768685, 641163, 276788, 325733, 638534, 657708, 970599, 620809, 553088, 963774, 602761, 462336, 714236, 322497
310182, 599321, 464097, 619618, 258932, 455103, 925257, 264668, 722924, 335174, 895308, 877371, 352102, 751233, 466727, 162908, 134129, 621009, 183336, 580721, 773228, 585368, 917752, 732705, 824131, 538508, 373285, 129163, 393097, 345574, 623179, 570442, 539278, 579034, 983039, 814612, 653725, 657921, 159352, 561501, 426197, 782355, 588474, 348601, 784770, 519824, 839392, 559711, 713911, 795517, 641221, 802121, 914890, 247276, 946415, 188951, 368909, 862611, 870841, 890899, 700196, 192063, 300380, 286799
239432, 671426, 326265, 940459, 928727, 183015, 434533, 474738, 632821, 616294, 513522, 821124, 813347, 188627, 542294, 271887, 214938, 909713, 776185, 329398, 825348, 614084, 169952, 413492, 620568, 806180, 474353, 464121, 252432, 137549, 786179, 550707, 713864, 758132, 493796, 573384, 893301, 962356, 509990, 468608, 557248, 527173, 558663, 596063, 458846, 351182, 137211, 770704, 109869, 595122, 704152, 558013, 482189, 861318, 110526, 619578, 406104, 689474, 689953, 521218, 396960, 116726, 646900, 607354
878179, 893332, 339956, 569233, 976653, 662987, 322638, 539401, 932043, 786932, 544814, 706287, 162983, 109445, 266437, 889157, 933157, 515299, 955702, 922817, 296793, 503540, 454781, 976975, 754818, 491506, 549596, 353938, 705127, 158300, 561316, 368711, 266477, 801318, 398204, 475914, 341554, 968945, 760497, 262642, 911529, 527190, 149435, 715255, 501714, 853307, 591815, 584660, 439445, 342088, 388678, 739495, 702811, 709267, 822833, 835350, 179369, 695447, 551255, 546316, 916698, 831587, 553061, 210112
468376, 605263, 355025, 559414, 108503, 950154, 735395, 577215, 589294, 367470, 234689, 934076, 651891, 909717, 475797, 772256, 898385, 568581, 513213, 185203, 229768, 110247, 140206, 768114, 103234, 782293, 939750, 454964, 893646, 453745, 650445, 804488, 160794, 988754, 623495, 803450, 470513, 696601, 616953, 609908, 131119, 880835, 241877, 298593, 360413, 629015, 252004, 213581, 304174, 143999, 529486, 503624, 267125, 761395, 141961, 860297, 445568, 603920, 522876, 465583, 529109, 485000, 324911, 272579
668743, 925011, 584145, 440921, 803861, 421252, 516837, 278421, 503519, 475222, 443018, 959019, 352038, 538981, 239686, 510943, 885023, 625145, 494254, 712746, 966292, 307676, 681653, 200510, 852472, 324525, 501134, 338593, 365924, 149933, 477023, 203509, 955474, 720631, 443748, 424408, 116629, 911885, 183357, 173159, 670547, 812205, 656822, 366077, 652257, 517858, 976625, 308090, 396537, 120855, 285649, 589887, 463930, 936230, 156133, 151541, 918364, 186735, 314512, 383821, 601135, 377572, 811793, 305794
