260654, 973051, 431515, 715327, 757054, 312861, 158242, 648514, 235063, 593712, 241011, 873036, 377405, 102206, 548234, 631964, 673930, 797543, 351283, 999650, 566408, 449022, 532570, 960394, 967192, 995872, 420286, 458338, 811125, 455474, 924004, 780810, 776530, 662135, 192359, 652151, 249344, 209323, 946477, 448036, 321612, 453310, 306932, 610486, 630885, 806832, 982252, 701738, 668731, 889349, 561022, 322366, 766755, 379782, 722890, 750361, 758711, 667604, 112367, 692279, 782426, 861225, 166914, 391156
616377, 860141, 629601, 581428, 654541, 858162, 680898, 474413, 655901, 767980, 696293, 102387, 742753, 463248, 566248, 292094, 761313, 707304, 575801, 179769, 891227, 141585, 985702, 813193, 425988, 901137, 730032, 716344, 487686, 925240, 831710, 590717, 615431, 352850, 115598, 958954, 181418, 811173, 923846, 157842, 820111, 566190, 142569, 763060, 110709, 449138, 711013, 809161, 525280, 318980, 940521, 807430, 854422, 159666, 706483, 184174, 611875, 353228, 584903, 336600, 327260, 614387, 373820, 955704
297152, 735225, 891985, 644108, 740091, 187674, 156733, 464421, 744644, 439414, 211652, 159152, 556934, 520363, 337957, 396928, 687516, 142763, 492624, 581498, 557365, 417983, 953397, 104605, 496792, 441048, 704472, 149356, 599841, 873549, 930880, 485529, 267272, 503702, 498415, 828751, 376003, 280932, 152171, 623516, 805058, 357594, 247259, 341145, 570328, 153516, 919758, 452120, 127897, 803443, 942164, 989769, 225023, 682219, 156944, 253897, 509927, 573097, 884933, 912615, 395192, 857051, 439566, 318292
438275, 554238, 194122, 213287, 866534, 991382, 698484, 923626, 203115, 796558, 899344, 562852, 634254, 776204, 590594, 715684, 462107, 758800, 553976, 788134, 950293, 756969, 400328, 935557, 382900, 281236, 361460, 690878, 488582, 536946, 711177, 726493, 509782, 932964, 901576, 351591, 360425, 648582, 654907, 567651, 957445, 648165, 937097, 132581, 259596, 930622, 306181, 835543, 855046, 822677, 604609, 462214, 695134, 149742, 524000, 479015, 460035, 489996, 521384, 257253, 817102, 566468, 860630, 805865
193827, 223421, 277548, 610404, 196176, 398310, 962950, 529371, 489010, 577011, 865066, 805103, 452375, 528630, 160829, 489607, 229919, 159062, 670290, 561789, 712636, 489263, 593757, 395331, 947320, 783238, 953062, 136208, 241333, 634822, 996089, 711722, 314287, 773820, 288026, 283121, 343134, 492875, 468311, 171206, 867128, 208909, 807509, 321655, 857747, 803655, 952396, 663688, 340616, 952520, 975183, 420286, 560819, 715998, 215715, 914155, 189047, 411861, 154001, 399858, 370654, 560780, 345654, 937494
469438, 508053, 379735, 448867, 543576, 811977, 166258, 559416, 203129, 765926, 675760, 456144, 602083, 921383, 236983, 391564, 959910, 802462, 436092, 647070, 104680, 594288, 178357, 192821, 364900, 615213, 541965, 225024, 726734, 714090, 893744, 959008, 499476, 393085, 820902, 469614, 690049, 905012, 592157, 828006, 119035, 318739, 840286, 976687, 927788, 270920, 935298, 846184, 494461, 344717, 951102, 708561, 575358, 262105, 494297, 106675, 598371, 847075, 690750, 685581, 734185, 488276, 870893, 802716
882582, 393863, 953099, 301766, 121949, 747584, 351802, 738179, 596577, 681767, 816580, 746056, 244433, 931104, 490385, 894897, 184818, 627752, 121144, 911083, 268506, 169709, 869105, 726011, 500088, 102762, 868937, 523822, 834930, 119486, 471471, 179678, 990662, 746248, 599755, 209310, 741010, 852161, 627726, 451907, 770415, 478454, 192229, 455694, 788983, 684577, 278919, 424058, 630343, 499843, 242542, 707134, 916128, 257824, 186210, 243424, 142600, 314326, 637904, 871575, 362445, 473083, 606586, 627131
920809, 737587, 634793, 409675, 527777, 225643, 129085, 221178, 916168, 665685, 582277, 464055, 418689, 607008, 993993, 842135, 915490, 201843, 770852, 921633, 346675, 320934, 700624, 687766, 800885, 865116, 836474, 501275, 588767, 378177, 301268, 401349, 517252, 921660, 220521, 737504, 462545, 315666, 266571, 787580, 398994, 393751, 909416, 184852, 513076, 336785, 241211, 752188, 462885, 638187, 588383, 250630, 171448, 362930, 217918, 168401, 826212, 572432, 639272, 843152, 449612, 511650, 479647, 457970
858329, 121144, 593071, 157490, 445380, 252873, 750779, 850397, 186160, 992753, 577875, 930588, 724947, 385256, 279233, 837437, 787765, 335263, 257474, 912706, 555474, 337882, 912850, 177126, 700186, 522245, 885376, 401543, 874967, 811892, 157953, 650901, 695598, 321051, 200736, 962421, 771550, 614630, 537619, 226802, 818278, 712790, 492264, 405985, 107779, 414873, 371743, 232559, 226391, 928964, 995697, 640137, 700229, 281264, 669710, 718503, 856729, 139311, 617157, 633559, 563205, 611209, 992796, 487874
276197, 909431, 387967, 303933, 873348, 221179, 793397, 247853, 611832, 354106, 584590, 389399, 141192, 686808, 980088, 308068, 934989, 188654, 936817, 771790, 978134, 893609, 874903, 346922, 186150, 974754, 120219, 577810, 129849, 230646, 239156, 402701, 200996, 829186, 464976, 473885, 164473, 533117, 523301, 679300, 685770, 969266, 900678, 580500, 318341, 878360, 791249, 505842, 929981, 455856, 797317, 454982, 209705, 851098, 435025, 817602, 201478, 463635, 188007, 998316, 797976, 960783, 478127, 133226
716941, 311728, 224888, 385737, 670946, 632257, 874281, 429130, 653983, 440817, 616790, 486858, 278558, 688079, 229870, 855020, 262250, 915582, 843153, 712581, 828961, 262901, 345279, 340547, 927131, 850934, 225868, 858363, 663269, 435752, 156239, 901518, 943302, 768916, 679193, 406551, 713635, 871097, 595651, 828979, 576445, 927212, 260929, 160462, 320152, 323247, 442099, 891878, 269175, 886156, 814905, 520958, 422307, 142895, 699750, 970465, 546091, 218334, 910606, 127761, 235301, 311477, 225369, 765163
248466, 750498, 708057, 172633, 759071, 622042, 675992, 520532, 839751, 386102, 482571, 622195, 442103, 346158, 747139, 572660, 991530, 274383, 802210, 953190, 322962, 828124, 737546, 163153, 102104, 479423, 687601, 320067, 802523, 839018, 112465, 154455, 313460, 545359, 427036, 755812, 740122, 362520, 974252, 346591, 781857, 449539, 761688, 268942, 780382, 649918, 875075, 290379, 520965, 961787, 325647, 998512, 913459, 158800, 143375, 298661, 678632, 446766, 276250, 479556, 206188, 689307, 559035, 497029
576850, 546382, 719588, 211467, 943066, 957959, 105123, 349034, 562576, 658312, 464301, 303251, 676945, 843988, 708887, 706589, 194126, 980099, 418852, 148914, 714506, 190591, 306009, 360243, 232829, 678078, 929324, 798153, 839867, 856636, 668442, 344745, 917295, 242772, 736951, 864611, 684640, 833498, 922400, 471432, 627318, 717368, 904621, 829269, 106869, 669252, 125315, 830528, 331816, 210267, 150790, 260094, 202042, 335740, 992811, 892654, 906269, 865347, 633355, 782118, 574253, 899072, 859443, 389912
333838, 394227, 396505, 790304, 786322, 307079, 272969, 233965, 334840, 308488, 837373, 403945, 638158, 839170, 127339, 433351, 295863, 292728, 815544, 595912, 557831, 334589, 685930, 116234, 356107, 317522, 744699, 715982, 220133, 388445, 278474, 898212, 247509, 161506, 931148, 966709, 887636, 964097, 779584, 898541, 143642, 456747, 156703, 236259, 335231, 728706, 873618, 144326, 770910, 342957, 229566, 350981, 848246, 455924, 665370, 954939, 930282, 802494, 352161, 208950, 340552, 148197, 348995, 181923
116999, 808147, 935286, 640727, 325865, 807899, 530762, 202428, 178720, 590710, 708921, 894550, 460493, 885560, 664957, 943761, 233091, 776398, 410908, 636617, 538474, 413271, 488319, 554741, 414112, 551836, 258944, 771249, 495482, 851757, 497825, 538887, 292008, 738458, 947354, 748026, 803862, 170090, 697578, 485870, 326158, 485340, 409935, 794583, 719579, 943896, 764208, 959900, 341737, 258800, 300503, 110344, 183976, 240824, 731708, 595853, 620912, 106591, 656573, 491189, 686622, 906889, 918538, 851910
466204, 455723, 745308, 694705, 506014, 613027, 308518, 388216, 371593, 535121, 362051, 759225, 737390, 623893, 353071, 327964, 934324, 745798, 316370, 972533, 424660, 470860, 563735, 680853, 652126, 623932, 234490, 423924, 503896, 302445, 944544, 548243, 847719, 509499, 427713, 429841, 738790, 506584, 516640, 483308, 850163, 693546, 775483, 897234, 228745, 466501, 775165, 633027, 762696, 184389, 782577, 422948, 119825, 168903, 715090, 983939, 801485, 544997, 848925, 882818, 619246, 790157, 859240, 306914
331149, 677598, 842380, 694126, 566609, 235486, 775741, 372704, 444113, 924570, 303674, 749876, 899825, 776026, 397760, 902471, 516169, 734464, 156537, 313355, 256900, 737662, 673490, 806890, 399747, 589009, 943786, 673332, 767649, 161533, 132197, 877096, 170738, 571750, 998721, 773851, 455940, 858889, 992480, 614375, 937160, 885845, 717924, 923955, 744234, 990377, 559770, 531323, 451323, 235883, 965644, 731100, 533648, 629666, 565338, 116286, 465091, 872081, 349059, 315038, 138967, 294385, 494301, 905943
971418, 745258, 729540, 771245, 234851, 218765, 903855, 860182, 302042, 160400, 365022, 561860, 535255, 313863, 840304, 871635, 874082, 764795, 242257, 895116, 459449, 894090, 944336, 650964, 461393, 908924, 529358, 755220, 828084, 127165, 687986, 264901, 764681, 787835, 252890, 272599, 955121, 269726, 846988, 379775, 377548, 252798, 542155, 610587, 514620, 577638, 809701, 107587, 764962, 666308, 100713, 330062, 935717, 732265, 381686, 361662, 698641, 949923, 993614, 586953, 343035, 770228, 703593, 752773
133123, 475279, 965126, 652879, 273586, 472111, 319676, 591383, 564259, 980916, 925903, 980620, 926526, 777179, 372191, 776384, 554719, 892760, 363642, 905719, 769845, 789267, 297841, 439154, 872039, 403004, 238567, 793362, 420497, 526668, 661894, 493483, 423596, 689978, 935916, 512711, 986987, 522870, 820675, 831859, 773281, 535973, 467567, 971082, 429921, 806586, 354560, 925820, 259517, 720237, 279367, 719931, 450064, 201371, 877604, 505378, 643255, 709114, 702462, 294467, 252089, 501015, 580844, 779787
323496, 427054, 550801, 131731, 298624, 933349, 809669, 278886, 293708, 885350, 340685, 115562, 510760, 449783, 137389, 199405, 384736, 319735, 455892, 379501, 957591, 897815, 730549, 594948, 294949, 300594, 356310, 338447, 283448, 619403, 753921, 478969, 260251, 707842, 637464, 874440, 107700, 595826, 765221, 185412, 867782, 978250, 507727, 494207, 866871, 639622, 199593, 776390, 637356, 722921, 218693, 726531, 819569, 593017, 947366, 299659, 392853, 313175, 383347, 595499, 889521, 733818, 898215, 666250
978409, 791559, 441445, 343226, 248715, 213295, 780648, 211521, 495477, 694149, 369785, 570271, 478323, 853754, 554586, 655707, 172390, 993495, 585087, 111758, 715648, 380278, 468828, 517835, 621131, 915454, 248889, 245162, 508169, 990649, 563171, 420176, 541814, 749043, 769212, 169437, 300714, 583409, 305042, 552177, 132315, 526796, 570029, 289147, 470528, 913001, 667042, 443872, 649776, 642198, 296997, 695109, 212776, 534179, 203515, 335865, 178123, 291994, 758381, 415297, 831748, 732380, 758137, 313025
980679, 981850, 576898, 531492, 713877, 131213, 740455, 631593, 885790, 896530, 780177, 652810, 106241, 800133, 661286, 205033, 925327, 231065, 986651, 646074, 484462, 930802, 656263, 679975, 590649, 591071, 722194, 101956, 740645, 263575, 791500, 914128, 910910, 652463, 964762, 382116, 156911, 126837, 618827, 391579, 668545, 527084, 775304, 324030, 575963, 946564, 242986, 396747, 601191, 837685, 147846, 269409, 289045, 978552, 770787, 651147, 125177, 764418, 959565, 202534, 245744, 417310, 263233, 302673
351168, 112710, 148136, 749776, 930845, 570238, 165889, 281117, 417447, 854477, 820599, 771404, 180753, 141336, 628818, 235193, 694013, 159645, 711209, 414320, 652578, 463017, 350325, 295672, 517552, 433238, 256448, 966301, 770954, 151301, 916188, 595320, 993938, 925043, 815857, 165598, 221858, 411835, 412110, 387074, 936726, 500393, 301185, 113351, 431688, 857078, 442273, 313414, 311667, 978981, 388552, 659897, 278009, 571608, 279871, 726146, 297696, 315408, 148049, 441850, 981143, 944479, 893633, 548698
925270, 316620, 719896, 300959, 367683, 203714, 408854, 169918, 390641, 424821, 645642, 317380, 590787, 247314, 813660, 681704, 765935, 381282, 488520, 982160, 706141, 599547, 969829, 861757, 202062, 429891, 189859, 638164, 462714, 976098, 786356, 127657, 914897, 138818, 530465, 508554, 315875, 839558, 189693, 605989, 169276, 796004, 108950, 314679, 428583, 511680, 364487, 397362, 544691, 187623, 403211, 999243, 653843, 299141, 254093, 184413, 895518, 325859, 484187, 553661, 351479, 668800, 704248, 881115
153128, 881579, 175152, 730737, 444711, 957850, 538822, 865579, 436571, 754123, 781834, 104564, 841399, 599796, 630630, 720249, 316260, 422920, 913271, 730875, 104030, 148777, 329657, 666999, 431925, 709157, 911547, 100618, 698707, 714223, 221106, 534595, 961885, 774938, 827178, 805673, 841363, 166516, 719094, 934053, 304305, 377821, 677768, 925198, 232440, 648450, 867997, 128655, 278823, 580762, 614896, 401431, 291138, 192253, 128654, 213693, 224149, 940636, 354025, 630286, 247986, 431745, 374726, 721173
566998, 792548, 526738, 542661, 111881, 847174, 541745, 317830, 519140, 542574, 579095, 277689, 389069, 608382, 680623, 411786, 760222, 208305, 850840, 626449, 252837, 103475, 833808, 341605, 685476, 401021, 787017, 969726, 568503, 540587, 878584, 116549, 593685, 195228, 851468, 715386, 311984, 899078, 479387, 809762, 708311, 732851, 858904, 701995, 171067, 720732, 549505, 919037, 877295, 820352, 310517, 240830, 328168, 668672, 760899, 790818, 649636, 374811, 248477, 461230, 564551, 383297, 415851, 525095
274240, 676502, 919996, 200444, 311530, 195366, 553400, 923021, 225806, 397055, 649457, 324438, 180614, 432143, 514679, 851291, 529244, 100795, 666794, 977810, 589233, 843033, 433706, 924808, 591162, 486250, 241963, 611569, 908741, 462583, 265125, 755568, 429849, 713575, 895559, 206750, 365339, 260763, 864587, 600731, 402477, 852487, 382597, 318670, 141361, 477773, 859925, 907131, 450539, 765942, 436604, 622304, 233764, 828624, 542315, 261163, 644491, 488927, 866230, 411132, 253334, 811297, 794024, 998738
331910, 236643, 588112, 715637, 895688, 979833, 165529, 126816, 831224, 371454, 794936, 960265, 812064, 619304, 385310, 140238, 365151, 349798, 172589, 215037, 847717, 539322, 277544, 456192, 456089, 418125, 164163, 413827, 612445, 426707, 678841, 458211, 482762, 589180, 440156, 558997, 968565, 510324, 408902, 730832, 592595, 680920, 721390, 341913, 305529, 216277, 660343, 104425, 851259, 465695, 649635, 316573, 226870, 988906, 416037, 956313, 617098, 737065, 265556, 235929, 273311, 888865, 963131, 752342
597928, 804681, 478349, 193650, 797957, 159776, 170198, 126720, 360738, 343306, 604428, 749554, 927645, 187016, 454276, 526209, 754469, 191764, 829602, 836595, 784798, 333462, 146888, 101452, 549121, 176710, 378159, 964755, 378431, 725023, 791412, 434751, 473190, 225307, 581545, 348351, 574717, 683568, 848300, 545539, 553545, 220007, 689781, 348170, 689042, 686518, 961481, 297704, 278784, 832761, 604588, 555796, 419839, 769649, 448915, 213452, 315809, 351224, 276343, 420869, 438658, 843680, 514502, 455122
449383, 451464, 681907, 814192, 559936, 846234, 338574, 651181, 761260, 295940, 772462, 230387, 485884, 404753, 702090, 315316, 713520, 854787, 471239, 631251, 353981, 585391, 978668, 618253, 456784, 301588, 621681, 781058, 213388, 527257, 886326, 467524, 218639, 320707, 315152, 507643, 433715, 987857, 152990, 933714, 451984, 172340, 280185, 374753, 202334, 434765, 337834, 587800, 399608, 312709, 396150, 761701, 328861, 686563, 956244, 869443, 116528, 431214, 428320, 369311, 441824, 265471, 883304, 531847
222689, 913793, 636579, 815346, 410329, 271976, 641697, 771238, 892119, 736939, 305212, 795754, 100413, 195776, 826670, 906472, 915486, 368723, 781502, 550782, 455426, 190562, 678194, 674754, 940903, 304312, 862152, 194096, 355810, 212740, 447903, 381009, 910851, 408309, 971760, 187657, 457847, 634805, 765402, 116541, 788998, 669694, 489947, 643744, 864220, 585821, 127194, 284793, 124389, 185378, 738145, 981106, 591793, 363169, 664713, 354751, 435928, 185320, 135725, 200808, 511031, 317117, 389376, 210197
508312, 361332, 847483, 385014, 216848, 668778, 536495, 303212, 619521, 489409, 413784, 341911, 915200, 464248, 927378, 211037, 800977, 777029, 175269, 704532, 787342, 154994, 932028, 222700, 699847, 773778, 933172, 956060, 368963, 593374, 406768, 935655, 293156, 334001, 491945, 540331, 225481, 225660, 623554, 727494, 179085, 806982, 731833, 856805, 230828, 992676, 284729, 203050, 906790, 521297, 913869, 690457, 405948, 164874, 997200, 978399, 277208, 296617, 285600, 698080, 507881, 682075, 652752, 240923
932747, 218080, 264252, 886812, 558085, 648319, 228376, 280415, 232876, 417667, 129345, 207771, 868933, 689463, 629141, 943379, 261384, 623289, 251390, 592180, 700992, 421085, 195529, 741419, 904462, 616033, 307317, 415175, 190285, 954696, 205287, 274374, 196145, 135254, 687771, 140159, 204745, 944071, 540852, 159435, 987459, 530764, 817332, 359024, 328142, 393571, 291624, 114603, 876763, 961841, 964635, 854938, 167613, 269375, 426603, 298308, 599599, 523695, 880632, 145030, 208437, 351897, 943608, 354330
960474, 420166, 178183, 475109, 331704, 784808, 500956, 944830, 248375, 193044, 887287, 466966, 263020, 658301, 226551, 167881, 558563, 970286, 849384, 540127, 379448, 198948, 882137, 720030, 201150, 917830, 307147, 414640, 417122, 853378, 901222, 405357, 375082, 661733, 659046, 609221, 580823, 348694, 587634, 637356, 432618, 613135, 794509, 426498, 688163, 221721, 116389, 838846, 264868, 715588, 247337, 493078, 353556, 207968, 351512, 129838, 958783, 221370, 618324, 552026, 828187, 748182, 537718, 871314
852357, 544550, 323003, 730033, 568138, 688644, 316699, 229834, 281602, 679634, 216890, 923528, 600502, 470475, 896984, 247679, 168258, 461061, 642467, 908788, 750773, 986886, 341804, 841382, 336790, 993664, 905367, 358712, 112417, 167403, 140396, 424989, 269167, 313981, 245898, 762174, 805108, 607784, 312795, 340010, 263585, 165712, 273123, 537403, 708809, 702311, 767218, 650305, 893729, 929351, 313881, 243085, 686017, 112364, 726457, 159836, 867271, 336076, 792022, 999262, 510363, 251923, 559179, 619906
542124, 675935, 113848, 263392, 949785, 214517, 141302, 542754, 860236, 574622, 301898, 213072, 463169, 910913, 737464, 966198, 723365, 981694, 670671, 703509, 774010, 791716, 624802, 657027, 554582, 491152, 843063, 837119, 166858, 349860, 220408, 426133, 248064, 353023, 686855, 724042, 682558, 566334, 567151, 479877, 708072, 673583, 251477, 785050, 162722, 371341, 544174, 862996, 760530, 811901, 496105, 685631, 186852, 297828, 244813, 760527, 558407, 368387, 830141, 471152, 141781, 799984, 894040, 869899
385648, 526354, 524446, 997393, 946407, 909592, 318859, 571175, 224024, 384919, 561064, 273006, 357711, 880479, 503255, 366766, 597293, 211352, 141100, 507327, 345124, 874718, 652924, 296628, 979038, 147190, 437101, 500260, 162750, 690124, 970540, 644630, 629342, 299115, 347838, 449736, 193495, 757080, 899598, 401212, 355071, 181931, 452549, 325376, 782637, 481738, 447832, 145433, 121240, 361284, 325147, 719307, 653533, 333575, 278164, 830918, 755871, 557407, 837130, 325169, 368521, 823564, 274843, 423916
162895, 678494, 366029, 159557, 394387, 147088, 252540, 809209, 742819, 825662, 766898, 336484, 434655, 844772, 335605, 583271, 909176, 696084, 986523, 150069, 890228, 599315, 374168, 366522, 968110, 167857, 358424, 290856, 794331, 174884, 489992, 427648, 183175, 499520, 236526, 200025, 957374, 491221, 605945, 118192, 944838, 155460, 941714, 962637, 930250, 462143, 326130, 879501, 113041, 130365, 558190, 174289, 936877, 718678, 433742, 736163, 946800, 454305, 774523, 951712, 317111, 902856, 185142, 744806
852683, 679812, 173637, 537851, 841245, 632635, 923464, 471031, 191086, 705970, 868042, 293488, 959985, 370192, 393107, 788896, 363528, 138802, 358394, 866581, 380650, 682372, 992120, 435540, 823655, 942754, 546680, 444619, 689826, 489260, 920554, 771058, 257021, 185439, 107766, 902877, 612755, 294902, 666894, 687489, 344254, 941436, 970109, 489664, 886937, 899436, 306587, 984595, 382271, 814215, 490594, 113267, 207922, 110641, 568315, 987011, 574872, 813929, 511026, 350174, 470272, 996387, 736808, 188537
809154, 893092, 326854, 884724, 830245, 561433, 596847, 442626, 927898, 769269, 549839, 775666, 975909, 651045, 635728, 599418, 146331, 431249, 858091, 223999, 267975, 134641, 246107, 524452, 269031, 650377, 997645, 829132, 422644, 405187, 875731, 295021, 391327, 897960, 168824, 171251, 288310, 925402, 171407, 237294, 894981, 236337, 152420, 899034, 933626, 588400, 501332, 234665, 679489, 588291, 238936, 986927, 879374, 392183, 405691, 908425, 473497, 410166, 845389, 563338, 529922, 904798, 849073, 806116
278358, 966973, 226993, 312176, 823211, 151980, 397169, 886202, 627717, 637220, 814881, 761131, 447003, 601889, 367179, 116596, 208403, 120402, 789997, 454517, 373642, 453881, 782401, 366311, 117744, 346981, 385079, 288236, 944432, 708010, 606180, 941425, 916845, 903162, 826611, 157212, 510151, 931202, 829210, 199960, 463357, 207075, 701128, 697850, 948749, 372428, 764795, 956880, 747479, 639537, 313198, 109413, 863359, 676233, 190543, 375315, 982481, 669385, 563726, 497157, 367455, 891065, 216721, 567368
316550, 326448, 477892, 688558, 725071, 510450, 139790, 717406, 916689, 640930, 152704, 715579, 762803, 159172, 175238, 255055, 101423, 447668, 750911, 808116, 382163, 723485, 808906, 288672, 709217, 713783, 489974, 288138, 417973, 573856, 268764, 140349, 663111, 543541, 185704, 158712, 845478, 879182, 986929, 231903, 579429, 515828, 462474, 293442, 162642, 485951, 356913, 890503, 241793, 328144, 341637, 655638, 616455, 363591, 264085, 239330, 555746, 309378, 204212, 262383, 544918, 804339, 765544, 455620
714002, 870749, 535745, 840879, 348497, 871659, 849831, 735215, 781725, 606701, 243916, 489858, 625774, 684592, 615936, 609259, 954063, 557112, 957667, 276223, 339842, 298364, 624534, 599405, 835610, 971294, 133419, 536328, 393957, 905350, 968410, 882034, 413933, 294939, 451861, 350118, 268084, 936381, 998771, 804418, 897853, 417665, 341577, 733615, 731914, 669674, 275351, 561967, 691391, 144129, 150206, 178562, 441157, 955152, 377967, 506421, 721707, 683808, 390815, 168872, 523463, 972813, 144118, 333305
357018, 871075, 282663, 311666, 580274, 707160, 866426, 273676, 497673, 996358, 288069, 619263, 844778, 355714, 281241, 324103, 866196, 960126, 678361, 137204, 138871, 559863, 850309, 941550, 635771, 650108, 276596, 136803, 969343, 436348, 368992, 659759, 239455, 425194, 490107, 165415, 213008, 324560, 633536, 781762, 242277, 576269, 665764, 217828, 817427, 903885, 427820, 749096, 562897, 761859, 245592, 464681, 121785, 820581, 693532, 156397, 798220, 861092, 637935, 609039, 293650, 887623, 839324, 427527
991679, 808419, 585622, 552152, 287761, 357081, 287081, 206326, 792693, 834828, 551499, 911986, 599465, 994813, 554002, 420068, 108604, 418181, 101791, 170900, 957874, 694414, 231383, 139204, 898468, 848942, 381011, 367166, 685828, 156641, 391469, 265397, 313598, 976547, 219131, 668666, 881977, 992839, 154424, 137438, 526301, 201494, 865981, 728319, 900495, 665511, 122479, 750833, 695768, 701975, 487410, 676778, 349540, 799526, 404828, 427721, 843845, 143374, 593252, 277636, 425720, 870240, 508056, 670189
427679, 933245, 244558, 370017, 143437, 145453, 881043, 707053, 202785, 441344, 986079, 575773, 957322, 319551, 221225, 771042, 744553, 182030, 543222, 596894, 287827, 473920, 711853, 177839, 996277, 145367, 933958, 308375, 101106, 525814, 668481, 141412, 716872, 984357, 327540, 928096, 488945, 646785, 216924, 274103, 472389, 559741, 465587, 166752, 753629, 854201, 598434, 875051, 873778, 847869, 445774, 449349, 369412, 246706, 412399, 911595, 349207, 638173, 684190, 513384, 456183, 630905, 318220, 843628
278492, 825008, 925839, 115340, 389544, 404821, 759127, 779984, 411694, 215201, 800639, 511710, 447181, 928105, 752608, 754944, 736729, 434520, 222943, 528979, 614427, 157998, 527654, 106479, 846990, 646613, 332335, 563662, 892682, 623419, 884317, 867291, 181183, 532145, 661029, 113913, 941943, 481119, 457738, 147085, 223710, 835105, 603591, 743529, 147613, 307554, 807012, 582805, 320257, 663892, 648011, 858716, 828827, 791305, 920821, 429520, 895488, 819186, 702590, 944219, 465457, 161489, 240503, 695268
505141, 760956, 217594, 435578, 371745, 800689, 943383, 143936, 612666, 708784, 888845, 133653, 418098, 958970, 621045, 940671, 476046, 386084, 646552, 206195, 802184, 134424, 955905, 561731, 542160, 174824, 484525, 981060, 303661, 721007, 969439, 620667, 434466, 912134, 462224, 779620, 412203, 365088, 167204, 560703, 106758, 530627, 481623, 988951, 196783, 134436, 402326, 452560, 527748, 786365, 696298, 276621, 315431, 372941, 805262, 285563, 387618, 505164, 974754, 752509, 238980, 952105, 127417, 439540
165481, 919363, 957837, 370635, 427353, 712416, 246035, 520477, 357479, 722445, 909736, 938435, 487385, 501555, 141226, 662302, 781351, 410322, 541699, 472765, 151324, 528605, 600576, 328140, 446554, 808753, 534145, 312249, 208506, 406835, 216873, 289220, 885424, 924005, 483316, 850722, 543373, 316997, 520040, 899022, 283135, 122211, 979940, 835309, 675219, 104732, 546134, 848028, 709531, 685496, 619721, 929336, 382154, 244764, 399899, 602090, 589179, 929836, 589836, 996717, 468434, 709441, 383378, 516253
999802, 237315, 146090, 816958, 811758, 650435, 582857, 945734, 260019, 852056, 773776, 981576, 341314, 230516, 897374, 815166, 720996, 381313, 563839, 865426, 958294, 802206, 949058, 318505, 135819, 712720, 138345, 527853, 429585, 299719, 951257, 471733, 979179, 991726, 651377, 798803, 360574, 649646, 873240, 931289, 537640, 801696, 644335, 535273, 503850, 910029, 472933, 575160, 272998, 879972, 519273, 794974, 975875, 914774, 173594, 662909, 811885, 678962, 893467, 351148, 405626, 747896, 134626, 417983
938279, 574012, 113327, 362548, 844833, 146266, 157466, 231100, 303488, 558416, 130629, 456612, 541326, 490876, 890961, 571871, 468837, 867378, 623852, 704370, 328950, 555386, 866951, 677947, 839653, 418245, 266086, 134463, 330290, 215562, 319761, 666415, 470995, 404129, 422824, 988406, 403196, 535738, 704051, 117217, 704577, 254363, 160311, 469452, 341170, 260597, 889476, 908165, 445701, 306114, 161739, 455359, 271602, 776285, 609197, 209078, 259607, 218429, 974319, 985785, 989180, 666095, 222890, 772025
428401, 859439, 259070, 760172, 411891, 593316, 951111, 584158, 418509, 940277, 964327, 796278, 682907, 141484, 959331, 220192, 967626, 359269, 219274, 487804, 399132, 465362, 396464, 306050, 403047, 911183, 218265, 248111, 106109, 923037, 553904, 562833, 107398, 259101, 572311, 625644, 212265, 476906, 616985, 186950, 664970, 878419, 767355, 273909, 244877, 253300, 477906, 353731, 323256, 143473, 613678, 582331, 441079, 923758, 837395, 221971, 926969, 573134, 717800, 664213, 489304, 296198, 119016, 242316
966006, 148540, 728566, 104199, 302850, 478721, 399726, 378509, 715802, 945577, 906519, 226366, 494571, 998307, 865236, 369986, 212372, 105753, 554682, 722832, 838728, 932358, 274779, 617213, 836689, 473422, 100512, 402175, 368626, 635583, 384054, 423004, 810917, 642210, 323616, 546900, 203172, 512830, 639978, 490056, 731043, 287977, 340349, 804005, 671705, 245004, 655342, 853457, 420864, 891218, 297266, 166033, 830674, 874156, 441484, 828212, 650611, 529604, 248902, 548928, 292654, 973180, 456574, 771447
433720, 580899, 177239, 878341, 469488, 484211, 872721, 830985, 473416, 102634, 771571, 108734, 320317, 252418, 524581, 332900, 219073, 985519, 812858, 431024, 846778, 109045, 625226, 206509, 138276, 409956, 585149, 664557, 547601, 890673, 444963, 364208, 866545, 681906, 980353, 409263, 827564, 513845, 373223, 680838, 785260, 621533, 176476, 205628, 997240, 327707, 318842, 538960, 479387, 333669, 580567, 593985, 904516, 640949, 100344, 240922, 633254, 274945, 745962, 941081, 756223, 891378, 238251, 757115
904629, 640259, 620514, 808902, 908316, 790584, 910095, 298833, 692981, 822264, 213533, 453332, 711377, 522409, 386836, 238408, 984499, 348103, 233355, 270170, 215603, 102784, 768411, 933617, 784734, 383343, 444047, 669177, 296667, 383634, 446552, 530956, 464648, 919019, 629500, 453757, 971555, 231888, 759854, 127392, 455686, 739599, 238585, 169913, 557577, 794721, 479509, 708831, 191403, 244041, 640605, 384717, 162315, 515530, 400439, 890117, 336784, 588450, 723442, 693025, 483081, 999239, 960334, 901368
673487, 290621, 823733, 285161, 776006, 171345, 410344, 580518, 177826, 621748, 552116, 735744, 899559, 263255, 904611, 104395, 464040, 229504, 327374, 663438, 782193, 567015, 886032, 181450, 277120, 331663, 748630, 540388, 720878, 406980, 121267, 837873, 414796, 536493, 450416, 955837, 759432, 136814, 843904, 973336, 996847, 489470, 165682, 162653, 643660, 257631, 765632, 843807, 816399, 624511, 248292, 961491, 726217, 232106, 469674, 138485, 380851, 724266, 654816, 524472, 485390, 314044, 428233, 463469
469509, 828528, 544754, 872686, 612206, 706301, 407516, 438376, 767536, 768766, 220536, 285635, 147167, 427853, 172240, 111376, 755074, 467643, 279906, 881198, 752406, 843433, 324776, 581912, 574667, 344805, 413746, 802766, 109772, 275109, 538582, 765247, 179548, 838009, 758301, 577616, 244636, 505392, 148222, 284907, 357865, 395626, 523528, 937191, 101122, 785109, 665913, 790960, 632295, 717191, 304140, 193171, 665852, 989046, 933103, 786313, 261421, 910231, 364466, 342269, 467373, 958481, 355483, 116379
909271, 224509, 914743, 991894, 115029, 115133, 200939, 141238, 172350, 828950, 667913, 444221, 196761, 799467, 720829, 865845, 916640, 325207, 922791, 561048, 192289, 293318, 285603, 830810, 732446, 175185, 606788, 459927, 272148, 503573, 824991, 127381, 544568, 384943, 804099, 778421, 602461, 352278, 141543, 207356, 986899, 566324, 507900, 689304, 317385, 347234, 407137, 969746, 506931, 653312, 432310, 491535, 561606, 657486, 454024, 363681, 307552, 439657, 825098, 965680, 497445, 733541, 137445, 125089
838757, 719076, 455302, 438593, 971097, 447408, 208694, 910673, 347660, 402587, 614343, 912781, 928310, 896976, 731369, 932666, 661922, 981525, 262333, 715116, 228690, 250720, 118529, 640977, 977241, 453971, 229610, 398974, 909062, 577493, 671280, 877268, 647072, 818702, 761667, 525198, 581101, 809887, 441883, 719273, 692045, 991228, 953357, 579216, 528739, 696135, 188281, 265315, 626003, 706027, 458144, 363140, 869606, 177201, 447859, 442623, 258123, 212002, 440519, 337043, 116665, 896921, 159429, 544928
542543, 856932, 335678, 122607, 423804, 207031, 688219, 107320, 223066, 997645, 278770, 717365, 883476, 430909, 955252, 971073, 336105, 813589, 926884, 540971, 315113, 544661, 137378, 180765, 117852, 610922, 389606, 443844, 192322, 372645, 777992, 298523, 269525, 470327, 251259, 577592, 519818, 815660, 807194, 747155, 320311, 657122, 529274, 175471, 149262, 333892, 450944, 943686, 790023, 114119, 493100, 330229, 343164, 690688, 848722, 136545, 360430, 364575, 484873, 856164, 785382, 577741, 593981, 341720
776725, 655614, 913471, 895551, 110588, 551378, 613372, 535308, 351400, 106414, 908586, 648178, 331893, 166865, 301919, 261704, 716083, 546102, 419932, 354389, 906854, 510502, 740039, 736285, 248327, 216087, 488854, 248744, 544712, 896516, 486279, 219179, 991669, 559242, 117581, 123830, 390870, 637533, 331524, 212505, 709393, 420069, 653957, 904308, 670668, 635000, 255286, 935929, 533136, 876629, 988697, 489824, 241481, 478970, 281476, 890695, 805098, 573283, 778192, 965508, 198925, 662176, 752715, 897320
954520, 965169, 733673, 547634, 740315, 722976, 789687, 501229, 661366, 654940, 300272, 435303, 120920, 957965, 101192, 717135, 748385, 939737, 660454, 974793, 286921, 786674, 346798, 591730, 683738, 374169, 435132, 997099, 427608, 120403, 148845, 245444, 195234, 393734, 764279, 940326, 175856, 366545, 210201, 602684, 843067, 697542, 685325, 802655, 247516, 823396, 124986, 260573, 278252, 402037, 812327, 678342, 491019, 488448, 870121, 254226, 250141, 258860, 416509, 642770, 510670, 300947, 123537, 922545
670070, 913214, 645788, 777255, 905080, 690466, 220430, 145915, 648388, 621495, 952578, 393425, 765500, 464561, 800049, 165207, 656116, 133949, 224992, 734440, 946515, 767866, 129721, 631548, 885110, 440753, 958423, 351276, 246675, 711346, 120858, 466373, 839546, 178828, 688283, 553033, 565816, 867785, 277818, 445372, 244789, 196868, 742259, 689201, 640766, 453096, 130415, 235154, 597693, 410118, 692086, 521574, 586980, 743122, 833441, 877890, 530408, 896731, 689230, 395183, 722250, 104069, 380654, 904531
709521, 404549, 542808, 713279, 799411, 807640, 414624, 377940, 203667, 225952, 396290, 941267, 690692, 830396, 281240, 419616, 618699, 544355, 664428, 954738, 738306, 527229, 443751, 848122, 589849, 609438, 296455, 242413, 795767, 904160, 703535, 547695, 191711, 758588, 172472, 855230, 846702, 598468, 915237, 735704, 189376, 932832, 369813, 444746, 526578, 476099, 410002, 438551, 877442, 773897, 518054, 290177, 778258, 576783, 904397, 664406, 556172, 195887, 367429, 159322, 448447, 888279, 581858, 343245
